loss_function: huber
delta: 1.0
epochs: 5
learning_rate: 0.001
mae: 24.455055236816406
rmse: 38.21460723876953
