loss_function: huber
delta: 1.0
epochs: 5
learning_rate: 0.001
mae: 20.89701271057129
rmse: 29.897003173828125
