loss_function: huber
delta: 1.0
epochs: 5
learning_rate: 0.001
mae: 22.684415817260742
rmse: 34.847869873046875
