loss_function: huber
delta: 1.0
epochs: 5
learning_rate: 0.001
mae: 23.99446295844184
rmse: 38.22393944437984
