loss_function: huber
delta: 1.0
epochs: 5
learning_rate: 0.001
mae: 24.65840721130371
rmse: 38.8237190246582
