loss_function: huber
delta: 1.0
epochs: 5
learning_rate: 0.001
mae: 28.64093756781684
rmse: 43.161473998186906
