loss_function: huber
delta: 1.0
epochs: 5
learning_rate: 0.001
mae: 20.058378219604492
rmse: 30.891555786132812
