loss_function: huber
delta: 1.0
epochs: 5
learning_rate: 0.001
mae: 24.69844256365741
rmse: 38.60693737877949
