loss_function: huber
delta: 1.0
epochs: 5
learning_rate: 0.001
mae: 24.73934624565972
rmse: 38.884124863787875
