loss_function: huber
delta: 1.0
epochs: 5
learning_rate: 0.001
mae: 22.14918327331543
rmse: 36.51950454711914
