loss_function: huber
delta: 1.0
epochs: 5
learning_rate: 0.001
mae: 22.797067642211914
rmse: 34.9146842956543
