loss_function: huber
delta: 0.5
epochs: 5
learning_rate: 0.001
mae: 24.310636520385742
rmse: 38.479515075683594
