loss_function: huber
delta: 1.0
epochs: 5
learning_rate: 0.001
mae: 23.674158096313477
rmse: 37.387916564941406
