loss_function: huber
delta: 1.0
epochs: 5
learning_rate: 0.001
mae: 21.552453994750977
rmse: 35.030887603759766
