loss_function: huber
delta: 1.0
epochs: 5
learning_rate: 0.001
mae: 18.298995971679688
rmse: 27.704256057739258
