loss_function: huber
delta: 1.0
epochs: 5
learning_rate: 0.001
mae: 33.85632021855649
rmse: 47.18830293806362
