loss_function: huber
delta: 1.0
epochs: 5
learning_rate: 0.001
mae: 27.346923059534145
rmse: 41.5622484058657
